[[31,8,6,21,16,10,24,180,13,4,7,2,6,6],//Adobe on Almaden
[9,66,11,2,19,6,7,9,66,8,113,8,6,5], //Arena Green / SAP Center
[7,15,90,49,54,42,17,20,68,25,48,12,18,20], //Japantown
[12,8,60,62,46,42,21,60,33,34,14,90,27,18], //MLK Library
[17,12,103,53,41,34,21,196,48,68,27,68,23,31], //Paseo de San Antonio
[25,2,38,74,56,67,24,132,35,197,14,25,35,15], //San Jose City Hall
[16,15,9,23,12,18,82,81,26,18,15,17,5,8], // San Jose Civic Center
[175,17,103,120,236,139,74,69,300,72,403,103,36,124], // San Jose Diridon Caltrain Station
[5,33,81,48,58,32,33,229,61,26,19,30,18,40], //San Pedro Square,
[4,12,14,190,42,42,21,79,35,60,12,36,43,7], // San Salvador at 1st
[10,118,7,7,31,8,20,497,20,11,34,10,77,5], //Santa Clara at Almaden
[3,11,11,56,65,24,11,105,23,35,8,42,85,9], // SJSU - San Salvador at 9th
[8,2,20,30,23,25,7,20,21,34,59,81,35,23], // SJSU 4th at San Carlos
[8,4,28,13,19,17,12,141,55,15,5,7,20,22] // St James Park